qsoln = [
-1.254128803706336e-02
-2.508158388633007e-02
-3.761890332888469e-02
-5.015126261582060e-02
-6.267667878149800e-02
-7.519316995667333e-02
-8.769875568146206e-02
-1.001914572180802e-01
-1.126692978633052e-01
-1.251303032606224e-01
-1.375725017119974e-01
-1.499939244892310e-01
-1.623926061448433e-01
-1.747665848224414e-01
-1.871139025665187e-01
-1.994326056316397e-01
-2.117207447909578e-01
-2.239763756440220e-01
-2.361975589238190e-01
-2.483823608030074e-01
-2.605288531992901e-01
-2.726351140798820e-01
-2.846992277650203e-01
-2.967192852304730e-01
-3.086933844089957e-01
-3.206196304906909e-01
-3.324961362222192e-01
-3.443210222048195e-01
-3.560924171910873e-01
-3.678084583804666e-01
-3.794672917134074e-01
-3.910670721641434e-01
-4.026059640320434e-01
-4.140821412314888e-01
-4.254937875802345e-01
-4.368390970862052e-01
-4.481162742326811e-01
-4.593235342618324e-01
-4.704591034565522e-01
-4.815212194205478e-01
-4.925081313566429e-01
-5.034181003432489e-01
-5.142493996089613e-01
-5.250003148052358e-01
-5.356691442771054e-01
-5.462541993318905e-01
-5.567538045058624e-01
-5.671662978288197e-01
-5.774900310865316e-01
-5.877233700810107e-01
-5.978646948885720e-01
-6.079124001156367e-01
-6.178648951522439e-01
-6.277206044232243e-01
-6.374779676370042e-01
-6.471354400319891e-01
-6.566914926205034e-01
-6.661446124302374e-01
-6.754933027431593e-01
-6.847360833318664e-01
-6.938714906933283e-01
-7.028980782799926e-01
-7.118144167282107e-01
-7.206190940839508e-01
-7.293107160257621e-01
-7.378879060849526e-01
-7.463493058629495e-01
-7.546935752458114e-01
-7.629193926158432e-01
-7.710254550602962e-01
-7.790104785771123e-01
-7.868731982776836e-01
-7.946123685865926e-01
-8.022267634383026e-01
-8.097151764707674e-01
-8.170764212159322e-01
-8.243093312870873e-01
-8.314127605630564e-01
-8.383855833691817e-01
-8.452266946550815e-01
-8.519350101691495e-01
-8.585094666297713e-01
-8.649490218932294e-01
-8.712526551182680e-01
-8.774193669272971e-01
-8.834481795642063e-01
-8.893381370487623e-01
-8.950883053275699e-01
-9.006977724215703e-01
-9.061656485700534e-01
-9.114910663711602e-01
-9.166731809188557e-01
-9.217111699363512e-01
-9.266042339059488e-01
-9.313515961952963e-01
-9.359525031800265e-01
-9.404062243627613e-01
-9.447120524884676e-01
-9.488693036561402e-01
-9.528773174267980e-01
-9.567354569277750e-01
-9.604431089532890e-01
-9.639996840612759e-01
-9.674046166664672e-01
-9.706573651297041e-01
-9.737574118434688e-01
-9.767042633136183e-01
-9.794974502373153e-01
-9.821365275771360e-01
-9.846210746313453e-01
-9.869506951003324e-01
-9.891250171491898e-01
-9.911436934664316e-01
-9.930064013188363e-01
-9.947128426024118e-01
-9.962627438894660e-01
-9.976558564717870e-01
-9.988919563999200e-01
-9.999708445185272e-01
-1.000892346497839e+00
-1.001656312861181e+00
-1.002262619008578e+00
-1.002711165236433e+00
-1.003001876753267e+00
-1.003134703691533e+00
-1.003109621115485e+00
-1.002926629025122e+00
-1.002585752356187e+00
-1.002087040976227e+00
-1.001430569676723e+00
-1.000616438161271e+00
-9.996447710298479e-01
-9.985157177591270e-01
-9.972294526788787e-01
-9.957861749444401e-01
-9.941861085052679e-01
-9.924295020695709e-01
-9.905166290650385e-01
-9.884477875956633e-01
-9.862233003946671e-01
-9.838435147735366e-01
-9.813088025671792e-01
-9.786195600752066e-01
-9.757762079993533e-01
-9.727791913770431e-01
-9.696289795111146e-01
-9.663260658957097e-01
-9.628709681383466e-01
-9.592642278781847e-01
-9.555064107004922e-01
-9.515981060473344e-01
-9.475399271244929e-01
-9.433325108046340e-01
-9.389765175267394e-01
-9.344726311918143e-01
-9.298215590548938e-01
-9.250240316133551e-01
-9.200808024915667e-01
-9.149926483218817e-01
-9.097603686219975e-01
-9.043847856687043e-01
-8.988667443680363e-01
-8.932071121218527e-01
-8.874067786908640e-01
-8.814666560541299e-01
-8.753876782650459e-01
-8.691708013038449e-01
-8.628170029266384e-01
-8.563272825110166e-01
-8.497026608982345e-01
-8.429441802320111e-01
-8.360529037939604e-01
-8.290299158356891e-01
-8.218763214075792e-01
-8.145932461842892e-01
-8.071818362869936e-01
-7.996432581023991e-01
-7.919786980985630e-01
-7.841893626375301e-01
-7.762764777848377e-01
-7.682412891159032e-01
-7.600850615193352e-01
-7.518090789971921e-01
-7.434146444622232e-01
-7.349030795321236e-01
-7.262757243208342e-01
-7.175339372269224e-01
-7.086790947190797e-01
-6.997125911187567e-01
-6.906358383799858e-01
-6.814502658664152e-01
-6.721573201255989e-01
-6.627584646605665e-01
-6.532551796987219e-01
-6.436489619580957e-01
-6.339413244109995e-01
-6.241337960451053e-01
-6.142279216220046e-01
-6.042252614332717e-01
-5.941273910540760e-01
-5.839359010943791e-01
-5.736523969477598e-01
-5.632784985379039e-01
-5.528158400627987e-01
-5.422660697366745e-01
-5.316308495297338e-01
-5.209118549057042e-01
-5.101107745572649e-01
-4.992293101393835e-01
-4.882691760006044e-01
-4.772320989123325e-01
-4.661198177961564e-01
-4.549340834492528e-01
-4.436766582679145e-01
-4.323493159692491e-01
-4.209538413110873e-01
-4.094920298101485e-01
-3.979656874585091e-01
-3.863766304384152e-01
-3.747266848354854e-01
-3.630176863503514e-01
-3.512514800087793e-01
-3.394299198703194e-01
-3.275548687355278e-01
-3.156281978518097e-01
-3.036517866179274e-01
-2.916275222872196e-01
-2.795572996695850e-01
-2.674430208322684e-01
-2.552865947995018e-01
-2.430899372510484e-01
-2.308549702196934e-01
-2.185836217877343e-01
-2.062778257825129e-01
-1.939395214710427e-01
-1.815706532537736e-01
-1.691731703575505e-01
-1.567490265278103e-01
-1.443001797200591e-01
-1.318285917906901e-01
-1.193362281871831e-01
-1.068250576377378e-01
-9.429705184038906e-02
-8.175418515165220e-02
-6.919843427474978e-02
-5.663177794746534e-02
-4.405619662967885e-02
-3.147367219063266e-02
-1.888618759596670e-02
-6.295726594588009e-03
6.295726594587873e-03
1.888618759596658e-02
3.147367219063256e-02
4.405619662967872e-02
5.663177794746517e-02
6.919843427474964e-02
8.175418515165207e-02
9.429705184038896e-02
1.068250576377377e-01
1.193362281871829e-01
1.318285917906899e-01
1.443001797200588e-01
1.567490265278100e-01
1.691731703575502e-01
1.815706532537733e-01
1.939395214710424e-01
2.062778257825127e-01
2.185836217877341e-01
2.308549702196932e-01
2.430899372510481e-01
2.552865947995016e-01
2.674430208322681e-01
2.795572996695847e-01
2.916275222872192e-01
3.036517866179270e-01
3.156281978518093e-01
3.275548687355274e-01
3.394299198703190e-01
3.512514800087789e-01
3.630176863503510e-01
3.747266848354850e-01
3.863766304384149e-01
3.979656874585089e-01
4.094920298101482e-01
4.209538413110870e-01
4.323493159692487e-01
4.436766582679141e-01
4.549340834492525e-01
4.661198177961561e-01
4.772320989123322e-01
4.882691760006040e-01
4.992293101393833e-01
5.101107745572646e-01
5.209118549057041e-01
5.316308495297336e-01
5.422660697366741e-01
5.528158400627984e-01
5.632784985379037e-01
5.736523969477596e-01
5.839359010943789e-01
5.941273910540757e-01
6.042252614332716e-01
6.142279216220045e-01
6.241337960451053e-01
6.339413244109994e-01
6.436489619580957e-01
6.532551796987220e-01
6.627584646605668e-01
6.721573201255991e-01
6.814502658664155e-01
6.906358383799861e-01
6.997125911187572e-01
7.086790947190803e-01
7.175339372269230e-01
7.262757243208350e-01
7.349030795321246e-01
7.434146444622242e-01
7.518090789971933e-01
7.600850615193365e-01
7.682412891159045e-01
7.762764777848391e-01
7.841893626375317e-01
7.919786980985646e-01
7.996432581024009e-01
8.071818362869954e-01
8.145932461842913e-01
8.218763214075814e-01
8.290299158356912e-01
8.360529037939626e-01
8.429441802320133e-01
8.497026608982369e-01
8.563272825110190e-01
8.628170029266409e-01
8.691708013038474e-01
8.753876782650484e-01
8.814666560541324e-01
8.874067786908665e-01
8.932071121218549e-01
8.988667443680387e-01
9.043847856687065e-01
9.097603686219998e-01
9.149926483218839e-01
9.200808024915688e-01
9.250240316133571e-01
9.298215590548959e-01
9.344726311918166e-01
9.389765175267411e-01
9.433325108046356e-01
9.475399271244945e-01
9.515981060473361e-01
9.555064107004938e-01
